time,x,y,z,phi,theta,psi,x_velocity,y_velocity,z_velocity,phi_velocity,theta_velocity,psi_velocity,rotor_speed1,rotor_speed2,rotor_speed3,rotor_speed4
0.06,9.49828592089e-08,-9.24010066323e-08,10.004297486,6.28301478095,6.28300122101,0.0,1.22332839691e-05,-1.15529026207e-05,0.14324157688,-0.00923786695549,-0.0100456998161,0.0,451.20776726220873,450.3962390333249,450.39328416818904,449.6457193633488
0.12000000000000001,7.53778670249e-06,-7.07063303139e-06,10.0179550905,6.28215934825,6.28240985035,0.0,0.000302833499203,-0.000297210632076,0.311980186523,-0.0268929367245,-0.00947979989927,0.0,457.9349345181921,457.98006598896296,459.1991807835966,457.79685160260516
0.18,4.8208970212e-05,-5.92101283283e-05,10.0450667391,6.2807143552,6.28131897984,0.0,0.00114372412126,-0.00163665512236,0.591638254557,-0.0189854640314,-0.0478508902985,0.0,492.07577598725345,489.2274305978259,490.54266949230583,491.12939383547626
0.23999999999999996,0.000167955036154,-0.000214562645795,10.0841951039,6.2794814078,6.27832300443,0.0,0.00315559560342,-0.0036660264141,0.712571215763,-0.0238754054602,-0.0544593625972,0.0,444.3924731649208,443.8489429501972,443.8307138268903,443.42926883062125
0.3,0.000472221399473,-0.000518040003377,10.1303215714,6.27770567218,6.27511361531,0.0,0.00732239169847,-0.00661241202197,0.824900189269,-0.0446193843264,-0.0516187056559,0.0,440.61330771331427,440.8461422102344,442.8001321255601,441.0902118328168
0.36000000000000004,0.00107036306221,-0.00102463288962,10.1805280845,6.27476367628,6.27205167039,0.0,0.0128948462841,-0.0105270266139,0.848628531141,-0.059770374333,-0.0498852984172,0.0,413.00282058567507,413.1537784755717,413.01538354810685,411.6753365570848
0.4200000000000001,0.00210246402616,-0.00185731144972,10.2359264262,6.27074144125,6.26937045569,0.0,0.0218154341293,-0.0176361132278,0.997856331103,-0.0883836805832,-0.0359185972685,0.0,451.5209449747925,452.64500739838763,455.1120968247777,452.8128110967432
0.48000000000000015,0.00373787369721,-0.00322392106795,10.3011165443,6.26502318132,6.26675653272,0.0,0.0329572866452,-0.0285335133426,1.17496925265,-0.115063801881,-0.0667991754713,0.0,462.8088523911077,460.37093099580534,463.0177436172021,460.9064473222317
0.5400000000000001,0.00611854150934,-0.00539223128855,10.3774330938,6.25766561646,6.26272584521,0.0,0.0468604137887,-0.0445565052428,1.3686782151,-0.145398065317,-0.0679466115222,0.0,466.7693403159339,466.6766533895995,468.7493240195881,466.37282897328123
0.6000000000000002,0.00942848975347,-0.00870165123286,10.4653701929,6.24965015609,6.25838024914,0.0,0.0639516655486,-0.0667122157195,1.56227487003,-0.116809195547,-0.0833608624029,0.0,468.4433897457321,467.2394605463219,466.31327750391324,468.52491096043207
0.6600000000000003,0.0138852669917,-0.0135428763924,10.5655104498,6.24261528023,6.25328692467,0.0,0.0851989741131,-0.095484321427,1.77537919727,-0.118139304253,-0.0881321039096,0.0,474.14561688033785,473.7735143724683,474.1017423850646,473.98815363602745
0.7200000000000003,0.0197482886418,-0.0202904659105,10.6787050083,6.23620151603,6.24864074653,0.0,0.110813503935,-0.130222179141,1.99735486024,-0.0906999331284,-0.0618233315444,0.0,476.9337798647143,478.9341919511132,475.71294705038804,477.79965963220775
0.7800000000000004,0.0269814068212,-0.0288988400288,10.7974473377,6.23112227909,6.24467774244,0.0,0.130605000918,-0.157154729542,1.9607501906,-0.074701978737,-0.0762277078427,0.0,396.798725193185,395.470296833349,394.4985525903833,395.9659408263892
0.8400000000000004,0.0357206948269,-0.0395407877898,10.9203365871,6.22659145271,6.2399119145,0.0,0.161219176615,-0.198068677246,2.13519330172,-0.077187902448,-0.0867552341281,0.0,463.87510215528704,463.0428851711705,464.8487864987325,464.6497376881943
0.9000000000000005,0.046421592668,-0.0527595318852,11.0539897498,6.22188645422,6.23520271192,0.0,0.19602486552,-0.243068565719,2.31949055518,-0.0809932622316,-0.0656649694809,0.0,466.52157379565637,468.1605697482856,468.4627206136559,468.16217231698226
0.9600000000000005,0.059205130949,-0.0686477253021,11.1964351262,6.2171415061,6.23142528316,0.0,0.230479721938,-0.287018834313,2.42840137704,-0.0755133655588,-0.058029703052,0.0,445.0470585893002,445.6686555643074,445.74532860293255,446.1879163425835
1.0200000000000005,0.0741659114017,-0.08731251713,11.3460226924,6.2125064039,6.22789694787,0.0,0.268569854661,-0.335608185386,2.5575039499,-0.0809747681111,-0.0604036397308,0.0,452.01895635600965,451.8252572738003,453.4210825780285,452.97750035332956
1.0800000000000005,0.0915402019486,-0.109059738332,11.5042684618,6.20716279485,6.22448595591,0.0,0.310940112446,-0.389826461093,2.71690928966,-0.114683660963,-0.0505535695542,0.0,462.2059737806812,462.9794904864477,463.86497891125117,461.20341072462617
1.1400000000000006,0.111630742222,-0.134318669862,11.6737427126,6.19991196496,6.22102217515,0.0,0.359089826424,-0.452930561682,2.9315934193,-0.137495626844,-0.078654024851,0.0,481.0703202943315,478.93554699327507,480.7257812189436,478.9817386278137
1.2000000000000006,0.134451944093,-0.163209701732,11.8521408643,6.19199178142,6.21590085985,0.0,0.402085701207,-0.510885131307,3.01466803611,-0.122822711156,-0.104172788098,0.0,441.6591166166047,439.5429093365876,441.26461980327787,442.45795517343294
1.2600000000000007,0.160214052232,-0.196074501196,12.0391714569,6.18505616595,6.20912118901,0.0,0.457361713611,-0.585387531119,3.21896163971,-0.104075833493,-0.143504905494,0.0,480.04799161747235,477.04264953529,478.6607840802099,480.0742385447861
1.3200000000000007,0.189096048298,-0.23308645414,12.2335820537,6.17894587762,6.20032905188,0.0,0.506174228427,-0.648903102329,3.2611111875,-0.0977045077729,-0.153405917861,0.0,430.2213128172082,429.36112128226694,430.6548695779233,431.18410381452924
1.3800000000000008,0.221230184462,-0.274216802005,12.4323262772,6.17281720328,6.19052385439,0.0,0.565877596002,-0.722679749397,3.36320303609,-0.112954304204,-0.214857506419,0.0,452.5946174255827,447.59211634987196,450.8317956582637,449.58883977471856
1.4400000000000008,0.256998710156,-0.319707465433,12.6354176782,6.16621798488,6.17790516533,0.0,0.627587054476,-0.794272825221,3.4061361121,-0.104634134245,-0.202505592985,0.0,431.7379341481154,432.7338040188466,432.16724612384974,432.8569124545402
1.5000000000000009,0.297031673846,-0.369969506066,12.8440285621,6.15952220351,6.1659228131,0.0,0.708099576492,-0.881752738101,3.54682670621,-0.131534671686,-0.194631908306,0.0,464.55200267801706,465.1318353338482,464.2867208127655,462.1602762252762
1.560000000000001,0.342182895582,-0.425659195725,13.0612531345,6.15147046504,6.15496439297,0.0,0.798104009177,-0.97535547526,3.69317210461,-0.140126417146,-0.165674812972,0.0,466.1174628489068,468.34373875106223,467.74192850185386,467.05660995854146
1.620000000000001,0.392143620459,-0.486301145554,13.2809340184,6.14364721848,6.14504135239,0.0,0.86804448224,-1.04668232996,3.62945790731,-0.115841716222,-0.164809444664,0.0,399.72143424882324,399.77083109326975,399.7444922570842,401.9334490778134
1.680000000000001,0.447078791148,-0.551960580745,13.501122864,6.13629196081,6.13516502831,0.0,0.964057106233,-1.1426076547,3.70955521291,-0.141584389401,-0.164200958067,0.0,449.0508066329718,449.07462333833706,449.46081062707094,447.35548960310496
1.740000000000001,0.507985593191,-0.623539077797,13.7261453273,6.12757420799,6.12523543671,0.0,1.06709207757,-1.24412425583,3.79050984642,-0.15399173974,-0.168207757392,0.0,450.64003259311096,450.29023550245216,450.8073159072415,449.7839722049065
1.8000000000000012,0.575942923084,-0.702033350376,13.9600584345,6.11833034589,6.1154558145,0.0,1.19918696454,-1.37328749929,4.00530016793,-0.154209837762,-0.154210881701,0.0,491.8867099296561,492.8995938007415,492.70054059503093,492.6645472131015
1.8600000000000012,0.650544516654,-0.787029095491,14.1980511344,6.10900131307,6.1063536394,0.0,1.2882482293,-1.46062574965,3.92767646941,-0.158158472124,-0.147112843044,0.0,400.8182572285161,401.43846122628855,401.50018752564654,401.11599708223423
1.9200000000000013,0.731287389594,-0.87804738432,14.4349401652,6.10041715995,6.0978178576,0.0,1.40392573368,-1.57408468502,3.96799357323,-0.12313884851,-0.134005426845,0.0,440.9391371402981,442.0016067297471,440.8810574142472,443.7450773230321
1.9800000000000013,0.820464641289,-0.977321801809,14.6811368595,6.09255721661,6.08932438748,0.0,1.56944763517,-1.73577345961,4.23692564132,-0.155333562769,-0.164273384811,0.0,513.5724707248412,511.4044996894843,513.7605733623851,511.4586419059507
2.0400000000000014,0.919564178611,-1.08627784825,14.9422137009,6.08276939349,6.07988296922,0.0,1.73479357213,-1.89698375217,4.46397460406,-0.187108645026,-0.146247621526,0.0,503.17785199585376,504.46071483319406,505.1327487771692,502.81305598667916
2.1000000000000014,1.02763556168,-1.20401298597,15.2112741025,6.07149717054,6.07058160679,0.0,1.86831401132,-2.02846300245,4.50384965169,-0.189436561937,-0.185150326301,0.0,451.34655791096924,448.1714633746718,450.5332958187748,450.3112181375053
2.1600000000000015,1.14364922244,-1.32959948719,15.4815097912,6.0613601131,6.05928962765,0.0,1.99971420878,-2.15859078307,4.50326491608,-0.144700831832,-0.195115242929,0.0,438.79906927516504,437.93581490292974,437.23016215916664,440.91227941025136
2.2200000000000015,1.26778846663,-1.46320109182,15.7517960519,6.0524771241,6.04713597223,0.0,2.13921760457,-2.29546717337,4.50549288762,-0.155757453199,-0.224723367075,0.0,443.0578895022286,440.5747689277267,441.3114855683063,440.3768662015307
2.2800000000000016,1.40101897629,-1.60564269362,16.0241202667,6.04361878046,6.03328499187,0.0,2.30295746853,-2.45326553337,4.57073635728,-0.135007371242,-0.247332141825,0.0,465.7604982884766,463.93740850553604,461.9616828251637,463.57539277888054
2.3400000000000016,1.54536645301,-1.75865141682,16.3040572715,6.0357285342,6.01797099062,0.0,2.5100148113,-2.64755075044,4.75845005811,-0.125291219091,-0.279741030635,0.0,504.48527731564843,502.0807176690328,504.76845868821573,505.45557362398375
2.4000000000000017,1.70091984514,-1.92206297968,16.589512914,6.02827220362,6.00218003693,0.0,2.67638354566,-2.79998679613,4.7556741385,-0.122310163734,-0.241995816276,0.0,446.6361601619437,449.6334155931886,448.95546216102775,449.1834666044037
2.4600000000000017,1.86663163004,-2.09465907393,16.8743634602,6.02063631375,5.98822616824,0.0,2.84841506715,-2.95370362885,4.73835213778,-0.13967476754,-0.218380568603,0.0,445.1893030653247,447.0634718670843,446.7451794690416,445.3117985303312
2.520000000000002,2.04293355231,-2.27663386756,17.1581665202,6.01315732885,5.97520432551,0.0,3.02926261281,-3.11263266116,4.72071230845,-0.104774398323,-0.214463665254,0.0,446.61688026846434,446.890006966626,448.3572424545643,451.1695632074995
2.580000000000002,2.2311444386,-2.46896285366,17.4433169937,6.00677313068,5.96267090368,0.0,3.24533558025,-3.29865511008,4.7827555053,-0.109875019872,-0.199601912395,0.0,476.44474788765547,477.53996992076924,477.02656989452146,476.627747643676
2.640000000000002,2.43108789284,-2.67136817603,17.7278357003,6.00022227135,5.95113054586,0.0,3.42022784832,-3.4486302138,4.70051279009,-0.107829015005,-0.180785149903,0.0,431.2384568530005,432.7877799247852,430.9436526748455,431.1056852744084
2.700000000000002,2.64080496645,-2.88215800654,18.0048733181,5.99339758849,5.9405165107,0.0,3.57104950465,-3.57821084083,4.5338979167,-0.129462712604,-0.170094520749,0.0,401.4917531241407,402.4269005350231,402.75470024466495,400.77932792192377
2.760000000000002,2.86146277336,-3.10223407403,18.2765516565,5.985624601,5.93031899513,0.0,3.78478614388,-3.75813376609,4.52081570251,-0.129724334819,-0.16968849568,0.0,458.32190272598666,458.32745199564255,457.738654695458,457.7029987176624
2.820000000000002,3.09383486779,-3.33222805378,18.5440372567,5.97787217243,5.92056578035,0.0,3.96154041523,-3.90888066322,4.39481556129,-0.128193375825,-0.151161175637,0.0,419.6699765169723,421.24833487710225,420.88081251688516,420.99703207617017
2.880000000000002,3.33660560765,-3.57112527099,18.8030527263,5.97039777118,5.9112292224,0.0,4.13135436649,-4.05492586575,4.23865186285,-0.118176335523,-0.166436783903,0.0,410.94337891599383,409.56131765485713,410.6402115849837,411.512530849625
2.940000000000002,3.59163825079,-3.82044205869,19.0573742903,5.9629641633,5.90160056861,0.0,4.37016197195,-4.25602074824,4.23726488737,-0.138888655159,-0.15065007853,0.0,466.207216374738,467.4160129420455,469.21467484286944,467.5901913938242
3.000000000000002,3.8595134797,-4.08068410406,19.3076357775,5.95452455642,5.89336031335,0.0,4.55942798904,-4.41930519882,4.10413129059,-0.144457104062,-0.119055515443,0.0,422.4450103721007,425.14204467325135,424.36227523732947,423.86441448138896
3.0600000000000023,4.13944882217,-4.35134176319,19.5512253488,5.9457791567,5.88598238027,0.0,4.77197907385,-4.60320160246,4.01455567757,-0.148487927331,-0.132221243336,0.0,443.150092814087,442.0523618841429,441.0642534659386,440.71105782904687
3.1200000000000023,4.43132284622,-4.63246999709,19.7873078056,5.93711629843,5.87825254736,0.0,4.9574964261,-4.76838023627,3.85428576756,-0.137231899211,-0.122796111271,0.0,417.38787864195,418.19346610503476,417.0263061853595,417.9875877564202
3.1800000000000024,4.73558350033,-4.92457958651,20.0162601598,5.92870268526,5.87072191521,0.0,5.18468523321,-4.96913508536,3.77629041073,-0.147005300521,-0.131575715304,0.0,450.40962391658024,449.6846499279724,450.3189137747509,449.50932917850656
3.2400000000000024,5.05362910566,-5.22893902701,20.2405483185,5.91973020591,5.86294832369,0.0,5.41698156004,-5.17672443217,3.69868789588,-0.155160897865,-0.12580932432,0.0,453.03194635185713,453.48045819555045,453.2257868960172,452.5490273280582
3.3000000000000025,5.38391195939,-5.54449177758,20.4563223149,5.91112164459,5.85496462586,0.0,5.59276489408,-5.34239527818,3.49333216638,-0.126821744519,-0.154317686768,0.0,407.93442487716453,405.3610448614687,406.9115361606892,409.4194641674791
3.3600000000000025,5.7258057917,-5.87090964607,20.6616980603,5.903325902,5.84617727974,0.0,5.80396821135,-5.53872549108,3.35154316772,-0.136999620346,-0.134140931985,0.0,433.1196321936377,434.7927466683202,434.08701412784393,433.21581591052745
3.4200000000000026,6.08023754299,-6.20907380921,20.8580087181,5.89517821101,5.83820301391,0.0,6.01061752777,-5.73400529695,3.19124790158,-0.133490545876,-0.130541992423,0.0,429.7792936183492,430.0674020335985,428.3243858361226,428.60500743842874
3.4800000000000026,6.44950832452,-6.56098155277,21.0491649494,5.88708254227,5.83054392574,0.0,6.29823818603,-5.99659172391,3.17857077061,-0.137965959228,-0.122425092501,0.0,486.4798878024499,487.07408074890327,485.1685496521544,484.81718280987536
3.5400000000000027,6.83432709067,-6.92739043977,21.2359911227,5.87878065833,5.82315893147,0.0,6.52905148546,-6.21758183588,3.04770726753,-0.139173511906,-0.124431739954,0.0,448.23688703077397,448.0601425046163,447.72442491837353,447.60854019957526
3.6000000000000028,7.23507727807,-7.30882501848,21.4185597372,5.87024243427,5.81579850283,0.0,6.82894428418,-6.49721530696,3.03561511781,-0.149433372834,-0.119374441478,0.0,494.15768585373917,494.5184715318259,494.52308117768644,493.74982652967793
3.660000000000003,7.65123858974,-7.70510842993,21.5954021367,5.86120412125,5.80864426332,0.0,7.04309479755,-6.71287689878,2.85801874152,-0.153161625641,-0.118964756746,0.0,439.1250044506868,439.1460195850532,438.5459905237097,438.21438576521155
3.720000000000003,8.07874632611,-8.1132672394,21.7587076216,5.85201131705,5.80133106395,0.0,7.20738160758,-6.89326017994,2.5850574496,-0.153317027055,-0.128478329976,0.0,403.19373206309655,402.31776082516984,402.1932273974094,402.15429721205146
3.780000000000003,8.51829938549,-8.53413366431,21.9092487786,5.84293750714,5.79388635801,0.0,7.44424724218,-7.13619934473,2.43145011763,-0.147357408034,-0.116485360093,0.0,451.98391716868247,452.9359887405079,452.86755075022273,453.3257498559114
3.840000000000003,8.97270344708,-8.97023310594,22.0514039947,5.83398954055,5.78649800755,0.0,7.70224379917,-7.40095001446,2.30522226071,-0.152938489292,-0.141748006786,0.0,468.42828365818707,466.44557599625955,467.2894493426767,466.8342987863078
3.900000000000003,9.44188730576,-9.42180224765,22.1845404783,5.82510759242,5.77798039864,0.0,7.93708757457,-7.65191759778,2.13101319031,-0.139693266186,-0.142387339028,0.0,454.2500644770217,454.1804828518277,452.5022903330073,453.54742726130576
3.960000000000003,9.92329975635,-9.88707660348,22.3039314326,5.81763909738,5.76889201916,0.0,8.11017660859,-7.85804756009,1.84793396436,-0.104427146655,-0.184124679678,0.0,415.23640781653194,411.531779732651,410.9014805387807,414.0009450830699
4.020000000000002,10.4174962073,-10.3667430437,22.4098801326,5.8120485944,5.75745552853,0.0,8.36298913567,-8.13115652577,1.68176124793,-0.0769680236578,-0.208500266353,0.0,464.2117765019261,462.2598967399763,462.98108541339707,465.12993275447195
4.080000000000001,10.9262411089,-10.8623757607,22.5045258548,5.80789032062,5.74498976045,0.0,8.5952916925,-8.39031716618,1.47144828469,-0.0572309390622,-0.206329680898,0.0,451.3200229821962,451.45352110519786,450.1394605168781,451.73070014631105
4.14,11.4502207996,-11.3746103517,22.5881116384,5.80411522142,5.73275310735,0.0,8.87057670704,-8.6843250518,1.31255925279,-0.0778187217037,-0.19956267231,0.0,475.12881890948336,475.6096414685214,477.6279986972835,476.0519694663131
4.199999999999998,11.9879832365,-11.9025002164,22.6578279852,5.79941377199,5.72068382662,0.0,9.05509102762,-8.91277083488,1.01027212386,-0.0794567214782,-0.204539434487,0.0,423.5901329941133,423.11984031972787,421.92213699302255,421.7753787610845
4.259999999999997,12.5381801571,-12.4452207731,22.7110245225,5.79444324632,5.70791274648,0.0,9.28481596045,-9.17845818641,0.761220417989,-0.0906525567466,-0.239782795684,0.0,450.70748454984977,447.8029277180213,449.02371188910297,448.108585105105
4.319999999999996,13.1017319179,-13.0036768811,22.7483226444,5.78849369756,5.69334788624,0.0,9.50038017895,-9.43735306279,0.480284358672,-0.127413448678,-0.249441464685,0.0,440.56730060067974,439.7078963796161,442.46563757204075,439.41808143831594
4.379999999999995,13.679594216,-13.5787493199,22.7701569718,5.78124001234,5.67840187725,0.0,9.76154388776,-9.7321251474,0.244927698728,-0.110307191952,-0.248427525386,0.0,465.4271185363763,465.4473786003035,464.95514404094433,466.2812899739385
4.439999999999993,14.2719951472,-14.1708298372,22.775964306,5.7744232261,5.66377539994,0.0,9.98514591227,-10.0045425705,-0.0534256420091,-0.121208543594,-0.23581252197,0.0,445.9366040656882,446.90701696653747,445.6622436193389,444.75836246457163
4.499999999999992,14.8780317706,-14.7795482166,22.7637241069,5.76738627978,5.64968280687,0.0,10.2159358025,-10.2867558303,-0.356800156325,-0.110409025331,-0.23307090801,0.0,449.9763947005884,450.144158014869,449.31058899934897,450.1734490032736
4.559999999999991,15.4970720757,-15.4047997883,22.7318773429,5.76076048027,5.63671761309,0.0,10.4187005109,-10.5558961694,-0.706592200684,-0.110471920467,-0.194538759561,0.0,434.06499000793303,437.2391647760067,435.2799880588856,435.2636619363204
4.6199999999999894,16.130065978,-16.0475897771,22.680738602,5.75414112595,5.62467947447,0.0,10.6805664607,-10.8711633863,-1.00056600164,-0.110025798004,-0.217012910696,0.0,467.3990063543165,465.60540130414074,466.3360180391987,466.36075179571316
4.679999999999988,16.7779186219,-16.7089574641,22.6106075009,5.74757326584,5.61130247921,0.0,10.9141822149,-11.1753133393,-1.33951848227,-0.108365361913,-0.238724688434,0.0,454.4672533584615,452.67392362367275,454.4598350110413,454.58269140435334
4.739999999999987,17.4386469307,-17.3880690011,22.5184919114,5.74089368217,5.59694639591,0.0,11.1099937693,-11.4628672246,-1.73310348921,-0.118019296444,-0.240375241037,0.0,435.8225165427236,435.62603917995057,436.64890484640085,435.83107991998327
4.799999999999986,18.1126619946,-18.0856492468,22.4039495006,5.73401608579,5.58283593635,0.0,11.3566660584,-11.790716667,-2.08782825297,-0.108588273455,-0.226415213333,0.0,461.268127589864,462.3167191281208,461.044764755325,461.7784191231235
4.859999999999984,18.7999975353,-18.8022476747,22.266167854,5.72725609868,5.56925326168,0.0,11.5542788588,-12.0972203472,-2.50719307325,-0.122405269035,-0.226303554178,0.0,438.9119652819982,438.8696462779628,440.7851251553442,439.62964298333145
4.919999999999983,19.4969857349,-19.5362041068,22.1006494559,5.72037051145,5.55536834823,0.0,11.6788777561,-12.3698231054,-3.01172579601,-0.102712850106,-0.244319491237,0.0,404.1097647124616,402.4216292111816,402.22814174919625,403.99514671874584
4.979999999999982,20.2068437406,-20.2900867413,21.9095644249,5.71414815958,5.54056791256,0.0,11.982004931,-12.7604648661,-3.36158487218,-0.105767993973,-0.251844076586,0.0,487.45761612020124,486.8395396394454,487.80790268145415,487.57128344349877
5.0399999999999805,20.932177161,-21.0661318027,21.6944302008,5.7076706215,5.52562465585,0.0,12.1952967744,-13.1092044868,-3.8125464035,-0.112742198887,-0.24399873976,0.0,449.9803796193462,450.55402458323204,451.4033502934515,450.82981047741
